1 0.092548 0.093750 0.103365 0.134615
0 0.502404 0.088942 0.105769 0.129808
1 0.296875 0.275240 0.112981 0.137019
0 0.496394 0.287260 0.132212 0.151442
1 0.697115 0.480769 0.115385 0.144231
1 0.296875 0.087740 0.132212 0.122596
1 0.698317 0.092548 0.112981 0.137019
0 0.890625 0.097356 0.112981 0.141827
0 0.098558 0.287260 0.115385 0.122596
1 0.697115 0.288462 0.125000 0.129808
0 0.896635 0.288462 0.125000 0.120192
1 0.104567 0.490385 0.146635 0.129808
1 0.290865 0.490385 0.129808 0.120192
1 0.500000 0.496394 0.139423 0.151442
0 0.894231 0.490385 0.125000 0.129808
0 0.096154 0.685096 0.105769 0.139423
1 0.290865 0.689904 0.129808 0.149038
0 0.498798 0.689904 0.132212 0.134615
1 0.694712 0.692308 0.149038 0.134615
1 0.900240 0.691106 0.146635 0.132212
1 0.097356 0.893029 0.132212 0.156250
1 0.295673 0.896635 0.144231 0.163462
0 0.490385 0.887019 0.134615 0.139423
0 0.700721 0.893029 0.146635 0.156250
1 0.896635 0.893029 0.125000 0.137019