1 0.100000 0.226984 0.053333 0.123810
1 0.170000 0.249206 0.056667 0.117460
0 0.209167 0.152381 0.051667 0.120635
0 0.121667 0.506349 0.053333 0.111111
1 0.095000 0.592063 0.063333 0.130159
1 0.190000 0.560317 0.050000 0.123810
0 0.263333 0.630159 0.063333 0.168254
0 0.328333 0.673016 0.053333 0.120635
0 0.380833 0.673016 0.045000 0.120635
0 0.325000 0.515873 0.040000 0.117460
0 0.393333 0.514286 0.056667 0.120635
1 0.494167 0.598413 0.058333 0.136508
0 0.567500 0.600000 0.061667 0.126984
0 0.679167 0.590476 0.055000 0.152381
0 0.745000 0.468254 0.053333 0.130159
1 0.696667 0.395238 0.043333 0.130159
0 0.640000 0.357143 0.056667 0.117460
0 0.583333 0.363492 0.050000 0.117460
1 0.502500 0.406349 0.058333 0.126984
1 0.454167 0.325397 0.051667 0.092063
1 0.415000 0.280952 0.053333 0.104762
0 0.336667 0.284127 0.056667 0.111111
1 0.251667 0.261905 0.066667 0.079365
1 0.290000 0.290476 0.036667 0.073016
1 0.299167 0.201587 0.038333 0.085714
0 0.385000 0.187302 0.043333 0.101587
0 0.466667 0.158730 0.063333 0.101587
0 0.532500 0.103175 0.048333 0.117460
0 0.558333 0.223810 0.053333 0.117460
0 0.649167 0.166667 0.051667 0.111111
1 0.721667 0.253968 0.060000 0.107937
0 0.775833 0.152381 0.048333 0.101587
0 0.832500 0.171429 0.051667 0.133333
1 0.827500 0.304762 0.045000 0.095238
0 0.910000 0.217460 0.060000 0.142857